Filename,class_0,class_1,class_2,class_3,class_4,class_5,class_6,class_7,class_8,class_9
UjALGZlyTf.jpg,0.0009642775682837628,0.0005837803302533669,0.0012162152328805205,0.4381628690763122,5.630645379670844e-07,0.0001461394774223272,0.0006627720100923623,0.00027182956740868857,3.64213360474508e-08,0.5579915172514728
tE0BFS8yjM.jpg,0.00021484206386085684,0.9240572656811241,2.2020363376582313e-05,6.701798422392404e-05,1.017480128876026e-06,9.3507021875216e-05,3.448898313161496e-05,0.07053019342196161,0.004977647915520744,1.9990847964597965e-06
uCxagI19rJ.jpg,0.0001036550216267524,9.988472608969036e-17,0.17953701471632583,5.566027239553786e-16,2.2077920727855437e-14,0.8203593302281732,3.1196803984574584e-11,2.647507377097113e-12,7.103682009448715e-15,2.0405095560243744e-19
tXybYokYUf.jpg,1.3859988971989916e-06,0.0005603773839930173,7.773336076961168e-07,4.946494656051506e-05,6.480133037788e-06,1.9542580901894916e-05,7.197643405054505e-07,4.9576012389104365e-05,0.0002761264575618973,0.9990355493887104
u6DM9QF9uu.jpg,0.09894497875104624,0.5570582412614173,0.004039051288347077,0.0010594636691115154,8.38250774604994e-05,2.0600800147618304e-06,0.10743020144320808,0.00982959846107958,0.00015707056193245273,0.22139550940638236
tKGwTsLqwn.jpg,0.00024111035735541636,0.00042251227367737275,8.095092962018121e-05,0.0004868874617717195,0.0004641236619029503,6.85761622465029e-06,0.00020023779094069215,0.0014110870470802844,0.9368014022320303,0.059884830629396375
tuNpvmXGkE.jpg,0.001246227601789853,0.00915364765842927,0.0037407018681428483,0.029857559203041138,0.015845802359219705,2.739609816548032e-05,0.008832818250568001,0.0041059898195139055,0.9187204925728149,0.008469364568314854
TmvsGIAYoq.jpg,0.0013399655769327594,0.004986333608195721,0.020240527245646487,0.01890331002671123,0.03001230103130225,0.000734399527079882,0.013790503972441769,0.005121204100146922,0.5285765972798101,0.3762948576317328
T4zgey11DN.jpg,0.9847688847281088,7.539050210415257e-08,0.0011251920016717965,6.238803454180526e-05,1.310871389791347e-10,0.00011493788533472652,3.82522411393972e-06,0.013811064965146043,1.0642949257729223e-16,0.00011363163949365379
TE1ZVo6pGa.jpg,0.0008496401201927141,9.448473458046631e-06,0.00028642547508349114,0.0011441961783458785,7.991036078021601e-06,0.9720194183864955,0.008088069212040526,2.2512700309190477e-05,3.3448868348522636e-06,0.017568953531161727
u4xsNT1Y8K.jpg,1.947689198870008e-05,0.002884906002954741,0.15637972086137478,0.11729830636390313,0.050358774416792505,0.059236314425745444,0.40442646432746787,0.14325089041449973,1.8389091809636628e-09,0.06614514445636385
TZDZyyBXfT.jpg,0.00021451205571428674,0.00439886515178934,0.01150551861112793,0.005097508615169467,0.008433289032287636,0.0007505673067827208,0.008514143554696114,0.012589163786315418,0.0006757746444972003,0.9478206572416199
TF6FnbaPUi.jpg,0.03933361834888583,0.06765308078260865,0.01820929949744164,0.017181331934634617,4.980501393170601e-07,0.6983130666405769,0.05636575148007502,2.1477757989677166e-06,0.003166806657864143,0.09977439883197474
ThOnLJUfEs.jpg,4.5146362121432946e-07,0.000348742800222536,0.0002307432644582873,0.0008524939705091749,0.0010823119151690936,1.142924110817543e-07,0.0003509291332327042,0.00010040972517887987,0.0005813318501292861,0.9964524715850678
tGE0V5quO9.jpg,0.014548544590574686,0.020869292077857673,0.06483519408114943,0.08940743236595937,0.38499520942429266,0.0028880212569392842,0.016372965457070954,0.28043767092277133,0.004766687181108486,0.12087898264227616
UfjeVhXBDS.jpg,9.835721479779285e-05,0.0031237341574704065,0.00043900953796549943,0.0003135658965876786,0.00012702926700505028,1.823945876279385e-06,1.556341569020033e-05,7.8857913089594e-06,0.0008466735145979822,0.9950263572587001
T7XEinMegJ.jpg,0.005124523959394442,0.02099762960068026,0.10322450569586945,0.0850895153636642,0.01841981481191088,0.01628521156806538,0.10116503741213112,0.5896638085143274,4.394350681492709e-12,0.060029953069562485
udw6Mdby3d.jpg,0.001286075513472314,1.8876456091038802e-07,0.0013625149150909876,1.9969462751411217e-05,2.1243922912829076e-05,1.9396045081926346e-05,0.9584936024045911,0.0008369592845250689,7.209968703227859e-13,0.03796004968629238
TkCqjjIb3p.jpg,0.00010001377901977987,0.008709036725243143,0.045199381211169426,0.005809467330567754,1.6858953450507247e-05,1.8914356942355405e-10,0.0008046518301144634,0.0037165081490396455,0.00017654776306714852,0.9354675340691845
tBL5N0DAYk.jpg,0.005206796413961314,0.01111106532972941,0.009613819804621731,0.004121125291931525,0.006415848585749564,0.0010983793528499912,0.0075387049505797644,0.02163476649017097,0.794443776648156,0.1388157171322497
TYaYO3TTy5.jpg,0.0052357128332317735,0.001875963640501509,4.2156223901840374e-06,2.4831186893664553e-05,5.844006981442644e-05,3.669580019127662e-07,0.0008924892082477515,0.0002726410203423505,0.9901557965623325,0.00147954289824372
tc7mT8zNU4.jpg,0.024936692315330952,0.00028945709735223583,0.00017948524187034724,0.0007186554466306578,0.0009014952561606877,0.002175957211574651,0.000145748133023465,0.001274759343771619,0.7626075169674565,0.2067702329868288
Tibj3SqCmH.jpg,0.5479982389721734,0.009884222016590238,0.0004741443941866222,0.0033544957175878137,0.01486546291863167,0.34596591316667163,0.0020778340857421085,0.00828109274540924,5.466650842665667e-06,0.0670931293321647
uav1Rcu9v4.jpg,0.0017459325347768306,0.04642827726465298,0.0038232815391943996,0.015997470741197686,0.2748562388914796,0.0013540043176816974,0.002313946272425842,0.3859499467199825,0.0013827712565237158,0.2661481304620847
U30H2oThjI.jpg,0.0005745226705976151,0.0001980697468200999,0.9836335259985124,0.003839614805181613,8.019700642563715e-05,0.0008884870200303459,0.0003184184135570587,0.0026390937066093495,1.6052636639826144e-11,0.007828070616213312
sUXk6G5tvF.jpg,0.001126783420878018,0.0005171259917479249,9.394551325258416e-06,0.00011671348995562394,6.638602086419431e-05,1.8689327661527352e-06,0.00024820113443751877,0.0016205215607689267,0.9932468463916431,0.0030461585056131848
tzCDLoF2JU.jpg,0.00500016747034884,0.0018165895121483048,0.00010779019109222464,0.0007841067448903737,1.3790105347440345e-06,4.359843874452007e-07,0.0014305059454175974,0.0003132640578503449,0.9905455965681422,1.6451518794111078e-07
TLWNOvqWJC.jpg,0.597353247683913,0.011697811154734925,3.313366476628911e-05,0.0010867302248529567,0.004245038486139183,0.3744877219864958,1.0976315954753806e-05,3.710516664974616e-05,0.008028923177211544,0.003019312139281898
U9jIElarc7.jpg,4.470923867508463e-05,0.0009487200886241766,1.790475299116188e-06,0.00015781730017910551,1.8786286248405987e-07,5.066042649494294e-06,3.9552393207959096e-05,0.07548491181202989,0.9233172430927287,1.6937439935471872e-09
SVCT44dK3I.jpg,0.0017791495692573264,5.115790912414483e-07,0.001568127952935204,3.380558115569317e-05,2.6432598864568287e-05,3.3657003754822184e-05,0.9558103341552541,0.0012049799380424362,2.2159470819173984e-12,0.03954300161942873
TrRsPIEbQH.jpg,0.0021303705259477987,0.0007077143634798997,2.3249123319095404e-05,0.00033144376879936743,0.0001727031719742119,6.880555132268327e-06,0.00029271395719650755,0.0033648747281626343,0.9876941236855317,0.005275926120456415
TsETZGUKGS.jpg,0.0007587675339278989,0.0029198345128128504,0.002615982656502317,0.0016640608164458959,0.00289357178138791,2.4753017179525003e-05,0.0023059975138219257,0.0017415635667153756,0.7292282998123419,0.2558471687888644
tGuMD7td1i.jpg,3.576046606030497e-06,4.506584782537175e-05,0.003201201424498617,4.729158633278435e-05,1.1261578764487361e-05,1.275184507402557e-07,1.1998424796996737e-05,0.0001800420897606588,0.9964994341934253,1.289538954874149e-09
tfZK9GMSmX.jpg,2.0294984660737265e-07,0.00255078068002851,0.0001025192273217639,0.004139361749857692,4.4343509915719515e-10,4.957212084366837e-12,6.304859142680744e-12,0.993201148957533,4.270899217796058e-20,5.985980715282289e-06
sw1VLAwgy2.jpg,0.007545696238352636,0.006494876995994302,0.013054118832320256,0.027673322105512113,0.207482718662287,0.0011567368908907713,0.06504664881991029,0.0926624520226808,5.403364389441518e-07,0.5788828890956128
TioMK0I57H.jpg,0.07096744604636727,0.5581331575219436,8.298807775974384e-06,0.01094418677220504,0.00013454641311783,0.002390337558648647,3.0480509754747825e-06,6.217836866561475e-05,0.3334302567852047,0.023926543675095672
tpV4vIWcQm.jpg,3.939444411227708e-06,9.712818168005867e-05,0.032451920899377686,0.007178982285241943,0.0034915585045451657,6.089635395230697e-08,0.00041539585832080293,1.361364362956837e-05,0.1624611725122443,0.7938862277741954
UbqN7b9DOV.jpg,0.002016209928228323,0.0005443345833483638,1.1129198796812878e-05,0.00015982295323476814,7.197622749297738e-05,2.0431160689201522e-07,0.0005747249939275797,0.0012217270403768643,0.9953285476464538,7.132311653350013e-05
SV7UtSGKPh.jpg,0.00012270239984307313,0.0008031510527907076,0.0005025659387911348,0.00026334667065604044,0.00019616167892535865,2.097571501144217e-06,3.648072461031105e-05,0.00014738627062636716,0.45886910593093005,0.5390570017613258
UiwpcpNmYb.jpg,0.0006382254470019259,0.0025731977547583072,0.0022531505878622855,0.011783671637577915,0.009777493058543236,0.0002344660903824028,0.005914856133839287,0.01832095989276974,0.0019376999414798387,0.9465662794557851
TH2YTgJjMw.jpg,0.0011206523424321733,0.017768998863092245,8.229130323245076e-07,0.0015976662133375215,3.0267147466358063e-06,4.1453758492328195e-05,0.0005244270683131345,0.583539717658121,0.39540312087974466,1.1358868802228984e-07
tQdMBzp8Lj.jpg,0.00929554144340507,0.0045992483805548275,5.40871901256042e-06,6.24392829876166e-05,7.830141073365597e-05,5.400795280039078e-07,0.0012587578011401662,0.0014028531721802728,0.982931653352141,0.0003652563583169978
t7GGWKUZQg.jpg,0.007984460509188784,0.014210258199818438,0.0005631557477475178,0.08970283417771445,0.00928578514381894,0.004629230372279506,0.0014496212812916932,0.0015129544612125566,0.8319457088787321,0.03871599122819592
ujgYdivo4i.jpg,0.0018547256424394714,0.001702164142611438,0.008254795080313945,0.03449693022337754,3.744372898813774e-05,0.002216681666068287,0.07622435630865447,0.13320436535037594,2.227512238631751e-07,0.7420083151059469
svlRFCsLMr.jpg,0.00012361592655466894,1.8105472985007606e-05,3.2380504372165716e-06,9.197500364710012e-05,5.925972271533367e-06,4.691426492688904e-10,0.0006139793172608027,0.0023343790789419417,3.479459093351841e-05,0.9967739861178255
tSAez4qK6R.jpg,0.030028446772912786,0.0017379594621345564,5.095604922019037e-06,0.006113652526246156,7.1083900304413084e-06,1.2189806595615116e-05,0.0007311266719060669,8.92563855939012e-05,0.9612743983258986,7.660537598456153e-07
UftOK0GFEK.jpg,0.0008238954408956722,0.0017069545197510654,7.4681808486962195e-06,0.0023096537691378663,1.7062492266474982e-05,4.7189678760403255e-06,0.0032268552858447683,0.0002369775948499334,0.9916660752945117,3.384540178865923e-07
t3pseiXQdk.jpg,0.00014887958823371454,3.516735756301968e-05,1.5695907735119788e-10,6.24264162105282e-09,5.012981492993633e-09,1.880100806188441e-08,1.2491857145309769e-08,9.097779993511224e-10,0.9998126425274015,3.2669115762829557e-06
u0qy2NDE2J.jpg,0.003746035748862019,0.0008300929862107,0.001018071209170351,0.0010241185917851878,0.00010856702485001719,0.0001606345074862302,0.0002761296205562658,0.0389144871194858,8.768822398310914e-10,0.9539218623147113
ugdZOyYYD4.jpg,0.10671768849012198,0.00034711205962317993,0.3895186813430315,0.49139978832896003,0.00013717718003077224,0.011087643926992144,8.40016658099485e-05,0.0004451512929297409,1.5001535426690106e-06,0.0002612555589580221
ThOCVDefsK.jpg,0.0013314489962035075,0.0042351917732476345,0.20816420810400804,0.02509188643906677,0.07246431139845891,0.001394633063644106,0.026870996286111382,0.07375159467006956,8.641545777010473e-06,0.586687087723413
TmMcDlgzC5.jpg,0.0006056308320029959,0.0017595535636934388,5.703534569777013e-05,0.007870784467183853,0.00114580871714493,0.0004152461582078897,0.0001904561308539739,0.00010897847982825,0.8313372794718361,0.1565092268335508
Uj8qHJPmWU.jpg,0.005034464832639674,0.004415488752492346,0.007674638126680507,0.04176046837860261,0.032957283413798485,0.0005976305406534974,0.02346215744314622,0.013074775051988377,0.0014504273430902912,0.869572666116908
TY5Mjnqek0.jpg,0.5816189312466588,0.07168030834121147,0.029157646530221525,0.0020680277166392675,0.01088147211629273,0.0008933818860040609,0.016334027077714086,0.006712506353526034,0.2529164155371373,0.027737283194594762
TtWHMyAtcL.jpg,0.0007052426694290911,0.0011341166660398753,9.706024597067268e-07,0.01472303731383482,2.9771817335633456e-05,5.693473682046223e-05,0.028989679786886997,8.795622521865142e-06,0.9538258219344196,0.0005256288502518493
tWdvA5oDTK.jpg,0.0016460447792284207,0.014450397149401412,0.026318228641051777,0.001570780963732781,0.01091455831635864,0.0009215730111732509,2.012313460986353e-05,0.0029166092703039174,7.387056418455823e-05,0.9411678141699553
uKDSw4en7U.jpg,0.004331206661598254,0.0011671724903023852,0.731434453276234,0.0031024482846066436,0.23018502448894557,0.0074601930704484,0.0001840541364871299,0.00025984251608480725,0.0076639477502056415,0.014211657325087265
tm49RyQizh.jpg,0.008301944233379576,0.004103942421551357,0.04130656635671947,0.028878039731940967,0.049224199111345755,0.006157140890495225,0.01329899148370327,0.040134511228836586,0.7994911755970746,0.009103488944953159
tYhKiQ1F3A.jpg,1.8454923903809815e-06,7.228900544681351e-09,0.2026699391236957,0.02519767789173551,0.09253400634451964,0.5800142320667174,3.573531404190943e-10,7.642956104265725e-06,0.0011645030915517184,0.0984101454470316
UgMJZujBI2.jpg,0.0060528956219659535,1.0475976932138118e-07,0.5151875282965426,6.305759990477768e-08,0.003963827630271632,1.624490602602139e-08,0.0007150960131188794,0.4740804285591647,8.147687127557788e-11,3.973518401318937e-08
tXB4cazyUO.jpg,1.816698524936745e-07,2.2825903953443743e-06,1.4206819280598208e-05,2.9721069554041125e-05,1.6533995374398484e-07,9.865652373622669e-07,1.912757656788428e-06,8.823340843533895e-07,0.003569164096616018,0.9963804967573693
t3NkiRS3SS.jpg,0.008842600016256603,0.12255605096757875,0.0011236699205011272,0.2132245982079707,0.0026221775022047924,0.00012153959187391796,0.00983208384397021,0.5882375612170688,0.00016866230523763056,0.05327105642733758
TomMXvhMe2.jpg,0.0005910210581903674,0.3704261571781258,0.011335550974964966,7.181319409212525e-05,1.1428224926723722e-05,2.0818679882552983e-05,0.0045370030800816535,0.5938166300682315,0.0014149417884767076,0.017774635753027578
SYTecHkSHa.jpg,0.00014645381054562018,0.00028053217836074843,8.188736221964885e-07,0.0010244724289018368,5.163459584773695e-05,8.604167959939731e-07,0.0006089742986530269,0.00012404136284058443,0.9976247452210385,0.00013746681339381906
szrLnE5s9j.jpg,0.0003016180090121156,0.003027285507907437,6.277861382103499e-05,0.006457527584362434,0.003915016769020896,0.00013200330839795513,0.003210461721623049,0.0009209677498849127,0.7486027995532564,0.23336954118271377
t2vzkvDENc.jpg,3.313108429040303e-05,3.056022442448596e-07,6.380906082094259e-06,0.00038412840456072945,4.897794804819063e-10,1.2056315050454203e-05,1.1093136081360912e-05,2.685945362302835e-07,3.1529456444996114e-11,0.9995526354358456
u0JG3BKkZ9.jpg,0.09123508543963545,0.05365826002441826,0.015872173351697744,0.15261748440203574,0.004573950199770918,0.00034831080671994557,0.039246237705189486,0.0043984776175911835,0.0005845046065113426,0.63746551584643
uCBvBJss5x.jpg,0.003009113006374123,0.00029737065076027773,0.00142056608663716,0.0031984835155466117,0.0031781411417604512,0.0010289646411060839,0.0022379234931229567,0.0014470718797625372,0.7428870156896497,0.24129534989528
udrpeJIoRz.jpg,0.0010476191185114269,0.05254310404214765,2.991807032949519e-05,0.04397593958524045,0.0009179737609549674,0.0008075925480676421,8.107315383811127e-06,0.0001327939239598179,0.8932529005297942,0.007284051105610521
te36LRWyBo.jpg,0.003182038327286115,0.008257037456456848,0.015997126348632134,0.04940007185325293,0.039018008565815845,0.00040229793113504865,0.02700513375329288,0.03359925809920912,0.058811334852797076,0.764327692812122
SZ9Tbh4sU7.jpg,0.005994734115417373,0.005388171104255525,0.005345405230432364,0.018520632868876258,0.0017159733746740723,0.00021314899065382815,0.0031264463605435514,0.001631992059662355,0.6001584977116975,0.3579049981837873
v98dNXqEAE.jpg,0.006040536464637737,0.0003454079914656528,0.010569670747397564,0.013563909206863121,0.012971207496242032,0.0063292528602947465,0.009508395550470361,0.027245357201414994,5.3690957778874106e-11,0.9134262624275229
v1yVOGj0M1.jpg,0.0010719729534560164,0.0009799658930083326,0.36842773888000363,0.38207556162089246,0.003089175099243974,0.0056360034268113255,0.0010432564970874916,0.008910758085555852,0.0038701794086405997,0.2248953881353002
vNwLFCm4zY.jpg,0.00013863746459673076,0.00443626490174361,0.18512584634847196,0.3648964917553332,0.00274342815230664,0.00013984536068651607,0.05159659840871009,0.0007854546952969671,0.39012616279845996,1.1270114394465331e-05
VNMtVJ1ib7.jpg,0.000577562666644546,0.001697391802848853,0.0028070857404363984,0.0016103626907403613,0.0017139977129662387,1.243432603214889e-05,0.0008811070079650519,0.0017383629699216268,0.8410001269768952,0.14796156810554947
Vz11oQ339Q.jpg,9.556902657135117e-06,0.00012892496855455707,1.6137651165971704e-05,5.570704917409371e-05,5.6138590153819045e-08,8.577645319828077e-07,2.2162959906254773e-05,0.001146211329024033,0.9986203849527435,2.8365213495240733e-10
wij8o6iKWf.jpg,0.005674688453565774,0.002033497007974422,0.004498166547380885,0.002112805218676695,0.005645338857141309,0.0016167307256375223,0.009421737908123364,0.010346885484436573,0.7992525184120837,0.1593976313849797
VtUUV0bNCZ.jpg,0.7021492575732309,0.19788025791210054,0.02289157472333261,0.0071877986636995714,3.76182872770658e-05,2.0366752725705417e-05,0.05774557844737946,0.002184812990345753,0.0001658271734414609,0.009736907476466843
usLIX76om7.jpg,0.9679774213447686,0.019691854795607172,0.006405169414064346,0.0007331068124269457,9.259807216560383e-05,2.422825571495525e-05,0.0007873592447475379,0.002550999271668303,0.00010257310083456168,0.0016346896880020717
v3DMpDavt0.jpg,0.0008955847296876732,0.0023982917366093363,0.0009381833190305296,0.00765360048554323,0.0068263716808216685,0.0005539880015701081,0.0020571913899253983,0.0072011938534777805,0.9699407017779198,0.0015348930254144295
W2xgZIAfhr.jpg,0.0032711317019217118,0.016933236320646625,0.08790871130961457,0.24663253528412404,0.4806790117658409,0.002710985707896769,0.02619620808130287,0.1350300068049776,0.0005187419261015328,0.00011943109757313451
vrzxss7Fz4.jpg,0.9892392549666534,9.003910131608159e-05,6.55634179140157e-10,1.067940009954859e-06,6.082357915581659e-05,0.010147534129523024,1.0327994224482252e-07,0.0004541116036907892,7.0647440700422495e-06,4.53359867504568e-15
wERBxiEniG.jpg,0.00016172242100909377,0.00012560592546440277,0.005524600310516602,0.0003819970145308484,0.6761159385510499,0.0001496361753973812,0.2534385850334978,0.011002474124802165,5.620791017229369e-10,0.053099439881652485
vfO3dWdtNq.jpg,0.0003451928222338609,0.06221375580719409,0.09529731534332693,0.0023610110228511213,0.0433051332827467,0.7907384572888444,0.003322450657414336,0.001188504626558764,4.8650112501302955e-08,0.001228130498717506
vkkq3dJ4no.jpg,1.1885114845165571e-09,4.296168848307792e-09,2.288014408014654e-06,0.341883519991877,1.0628893417784337e-05,0.6580621301233452,3.708533799893331e-15,1.0760983786829042e-06,2.8219834181722777e-05,1.2131559707318358e-05
UZCF2h3r6S.jpg,0.0012413371365549862,0.007956368379053756,0.0015461663918746142,0.009205461998947203,0.0022236864284008603,0.001287951557305408,0.0029396848076396736,0.002057062387951373,0.8902819194454472,0.0812603614668248
vL5wJfrIzk.jpg,0.46388120359235885,0.0009095003447788056,0.0032345252704496456,0.0027194667558443067,4.0926975969758666e-08,3.680869405560895e-05,0.000388461635104741,0.1204198314582039,6.880509219365148e-08,0.40841009251713595
VWWEjByNUI.jpg,0.00026801382809525046,0.0003358039778149957,8.26952923192045e-07,0.001260294711998725,2.2408442403556005e-05,2.1532122464597163e-06,0.00044088285773169445,0.0003287510872794352,0.997331283088658,9.581840848682672e-06
wkvu3UxhWD.jpg,2.213603097705231e-05,0.0003950842044555424,0.005045127934278551,0.0018987213163696778,2.716446286821642e-06,4.707438076319042e-06,7.385445814952543e-05,1.7165206358895966e-06,0.9925559209601068,1.4690663748899177e-08
wBPTMkireX.jpg,0.0005095783461017868,0.0034489782731014335,2.239520952207361e-06,0.036621846259535976,3.9224429402753876e-05,0.00014439307453467022,0.0029373083248087806,0.08752350595867356,0.8687729255521536,2.6073520760859653e-10
vBsZNZptdC.jpg,0.9202956184820781,6.643860165426786e-05,0.0001647726575431336,9.721594973857925e-05,0.000222122031096656,0.07527929792456432,0.0003204526539393393,0.00012626371709383426,0.0018792182390502195,0.0015485997432417055
WIDv8Oj9nb.jpg,0.15012147817438373,0.15870085939375123,0.0073991089143940125,0.0011743798178511311,0.03985643880624107,7.487313239143626e-05,0.051316493219773135,0.004836159760534271,0.5688675064151135,0.017652702365566507
WpzZTReMZN.jpg,0.00016804505839909626,9.346694308490999e-08,0.011879878154548098,2.3413569535345345e-05,0.008374844919998787,3.2762876917221484e-05,6.843044169331253e-05,0.979445450413661,2.8310099681628252e-12,7.081095473041501e-06
Va0NMzcu44.jpg,0.00043950726940289854,0.0070472858602873886,0.0045695642808756065,0.0013619024266715218,0.001336604476433717,2.150917415468781e-06,0.00026358893392366023,0.0008388972099202437,0.9469934660958039,0.0371470325292656
uxlzQ33MYE.jpg,0.0018388392498737188,0.003401552547719364,0.02419621922052974,0.012357285444709744,0.005709001786234198,0.0004817572144212974,0.020951878068506832,0.016531703069139012,2.598902477202027e-06,0.9145291644963889
Wot60238zF.jpg,0.0018943647502830175,0.0007232450132478992,3.482957914099895e-05,0.0002541470913872501,0.00023173578706100188,1.6210765811148423e-06,0.0002865319080097768,0.006428700029379174,0.9884574831426307,0.0016873416222790186
UYYv9DYHww.jpg,0.002535531897634601,0.015349466786734834,0.016320340942460734,0.25603761952880194,0.07718697489680398,0.004187600761524094,0.22940348110395392,0.024611192291396387,1.971405064124457e-05,0.37434807774004836
vM8UywIYVa.jpg,0.019586720908162002,0.4067944335850345,0.0005046687441767664,0.10621574158494111,0.01483397213113988,0.005176806046112799,0.14450639591233744,0.002815558841069669,0.2990198528755689,0.0005458493714568293
Wfq357pZIo.jpg,0.0038194516823986894,0.001886117524163074,0.0008193946936581086,0.0014147200920838505,0.001230376364468936,4.9451693970349845e-05,0.0006718089266709984,0.008308671471199444,0.86632835110505,0.11547165644633672
UvXt80xlGj.jpg,0.0002926857994000256,0.04345601291167221,0.0005107376337406014,0.02914953626914405,0.00043180350596746554,0.0010491691813440211,7.091937293636314e-05,0.0013962734565494803,0.2587030791156019,0.6649397827536437
vZFUTUerpL.jpg,0.0053368245493877,0.8603342798725603,0.00560741743165783,4.434418890854672e-05,1.128863429984383e-06,0.0021963625511946436,0.0003125169565243114,0.058876417534200136,5.967740346053027e-05,0.06723103064867607
Uu9ZakhBKI.jpg,0.44859940828871175,0.004564054640660279,0.14319834251379585,0.07748207915317391,2.9151579135137278e-06,0.008685406935143839,0.16500504247823583,0.1194561863387238,7.629832899569832e-09,0.03300655686380849
uswzbm9f2H.jpg,0.0009726246376476351,6.277265399433578e-05,1.0094890838618703e-07,0.0013249860472642563,5.518097568693124e-07,9.127455498131574e-06,1.8658711149288014e-05,7.072161081845252e-06,0.9976040217949462,8.377975299271584e-08
vGZmyrsd1h.jpg,0.003261430450256441,0.04543450120848157,1.767765669472333e-07,0.025993103768198644,4.388610308880481e-05,0.0006150924839050093,0.0068609879893545955,0.7242051407914419,0.19358567727623288,3.152473047206742e-09
vMZCljai8H.jpg,0.011509915501046396,0.0033806642830222456,0.003859998407219557,0.005852475323011965,0.007931401927190012,0.00018226992469000408,0.0026846707697812233,0.01697815021442001,0.4551766195022048,0.49244383414741383
UWgSW0Ujyt.jpg,0.4819802479849042,0.0007569572370466361,0.0008074280757326524,0.04136939907135464,1.2114088134931824e-07,2.409237791591135e-05,0.0006599519514500691,0.037520457449927,8.795411337502146e-08,0.43688125675667416
vHtHoBAUN9.jpg,0.029234417371804076,0.008420268010991836,0.026925263863039152,0.029970414282421348,0.061639677846978894,0.001564246196234434,0.0321051269600397,0.047254812023503845,0.006602293786872617,0.7562834796581142
VMgbGDXNPQ.jpg,0.006262142234721089,0.001098910613794008,1.1976245192845613e-05,0.0005716501172249815,0.00017442243953882963,1.4023333360595616e-05,0.0010639202451953535,0.0005813273378635508,0.9047534644455743,0.0854681629875344
VKzNB8P85s.jpg,0.9935985532795123,0.00013122599471438186,0.00022945480391136548,0.00011016105667777718,2.3020918356817807e-06,5.475572189469995e-06,9.177179574451117e-07,0.00017417780946322455,9.028896578090085e-11,0.005747731583449429
VYURRHwcPj.jpg,0.5423575584567415,0.00026292274983993663,4.719906265330626e-05,0.0021902670039573085,4.673578602687385e-08,1.0561080912508674e-06,0.00018816656862639898,0.00027301773064813175,1.7639045316283652e-08,0.4546797479446108
vcFUrX2r52.jpg,0.0009023443376533731,0.8431033343018568,2.549103959482932e-05,0.00012620418701645027,3.469752312834983e-06,0.0002252178569478373,7.72187417681783e-05,0.1269905625559442,0.02854217825782677,3.9789690787398665e-06
vvI3vpRXMB.jpg,0.0005749025504101278,0.007631329708029897,0.006277754486393107,0.01211246989006269,0.016602918586610022,0.0006251101315961153,0.0027483465913194474,0.028980999989792727,0.03038935663310689,0.894056811432679
WBtBEoNszH.jpg,0.000201952271264028,0.00030082032668544794,1.144411917398783e-06,0.0021552451876066707,7.414427124715268e-05,1.2746089557011042e-06,0.0005513381514374359,0.00028079279563354926,0.9959876144788906,0.0004456734963621238
wFE7Fwr3Bv.jpg,0.0002264429256599979,0.009478404807575566,0.16183393206960017,0.48129153026909255,0.020565580930502116,0.017139133222974178,0.004676475108640891,0.20732624119735651,0.00010006542891923825,0.09736219403967868
wPqdAjWXuP.jpg,0.0008413405224929073,0.0019160716554560348,0.005336791126776863,0.0024834331912834203,0.007478957353125501,0.0002536586330658654,0.00025093500420096795,0.009388805975489987,0.005156757552185741,0.9668932489859227
wfLMUhephW.jpg,4.2233079947874264e-07,0.00045604447428319406,0.00523875164075574,0.0009203771856301246,0.02029955096864728,5.572348050864494e-07,0.00010511232450522088,0.00017699290780450502,0.0001825607642132459,0.972619630168556
vLLEW19zWY.jpg,1.174978084745338e-06,2.108639048627804e-11,0.00022906991926356554,4.926235287332935e-09,7.118808392166276e-07,0.00042987453315106275,0.9992357076737801,8.21945275275722e-05,1.208209430650263e-15,2.1261540030908255e-05
vmsnhBujtq.jpg,0.0009570473963231091,0.01887715726188883,0.3227676857165496,0.09082497403581662,0.07252082061347288,0.00019767349016246014,0.0628826960996812,0.041128066523345164,1.1596033216193143e-09,0.38984387770315676
WDVSzAopCh.jpg,0.007939385069658425,0.06238870290253099,0.00013694432747281908,0.01684112384866588,0.029152600758796103,0.0006507007188447168,0.05896123495274653,0.013134628655227723,0.8093046138557681,0.001490064910288683
V4yhBqFcQX.jpg,0.008369410164529148,0.008143752794744056,0.01261499561089398,0.022367025866121666,0.01854604275219553,4.665795133402819e-05,0.0025968545270336437,0.040446512996704403,0.3407427882176718,0.5461259591187717
V4QQEprN4e.jpg,0.06432086464759929,0.00586049083808823,9.880589384887727e-05,0.0002747789880341809,4.818913030327962e-08,7.488362959481044e-05,0.0003304165560293377,0.22822395762385023,5.093023660314488e-07,0.7008152443314588
vRJuq7iP2a.jpg,0.8192467469198249,0.004461496760001529,0.001196499653976557,0.10298671473438087,0.04917776374233178,0.009875192276812252,0.0005251874382135976,0.0011125234026888422,1.865777245407307e-05,0.011399217299315536
VlceWtujhG.jpg,0.03267359557996281,0.0805428369073326,0.0010025987130087006,0.2451145235588637,0.04125418666086551,0.02274484484941995,0.0035366749603749762,0.0008604520703412244,0.5232626794930344,0.049007607206796006
uZZXu0gGJC.jpg,0.0021521883312147832,0.012564471185223644,0.004794101299048145,0.003959822607277691,0.015841522309684334,5.2259608585251505e-05,0.005741381439774848,0.010512235675426043,0.2447452290241249,0.6996367885196404
UogQNfw967.jpg,0.40360226600956983,0.014085809509519345,0.05169280556281618,0.0657449729331512,0.2971139371669512,0.008339521876649374,0.05068057550271048,0.031248195283411804,0.007884595509465601,0.06960732064575492
wGFvTJgjwT.jpg,0.008631006937969293,0.29612519475593524,0.0011846625315093187,0.0178116137483059,0.061436212339497795,0.00010963017021282324,0.11018036721324394,0.023921911688398415,0.22978598984843385,0.2508134107664933
vwYtBqjziJ.jpg,0.01714359818024385,0.017332497517855316,0.0011469243365689393,0.008082151578291947,0.2651271039527526,1.3803776981373005e-05,0.09782920906984621,0.019096345370995572,2.234042457709367e-06,0.5742261321740065
v42EKI2tYN.jpg,0.012423572351351837,0.012233562615577285,0.012141337096733611,0.022288967510604597,0.00502540954500272,0.00424412903309816,0.0036429973915051922,0.004852915687528107,0.4345065693211943,0.4886405394474041
vxXrXZZZLt.jpg,0.09226217353101936,0.001716078339117456,0.0005820010476336565,0.03967476972692572,0.004914053406678165,0.041384640913884,0.03061454685492372,0.0058757235856457994,0.3016473157006095,0.48132869689356267
UqpwjebN2k.jpg,0.0001877959913785113,0.011117829754562695,0.14639702147580186,0.6990513857667117,0.006388756697758743,0.0007284026225601057,0.08785573339420277,0.003762768308793295,0.04447352789043449,3.677809779610158e-05
VQ5EFqaIm3.jpg,0.7418305472863416,0.0006770414823730709,0.002946462383940445,0.0005895603830753032,1.205316829996133e-08,3.530163902231442e-05,0.00020645416945373169,0.11680279668768678,4.864852231649076e-08,0.13691177526641612
VvqK8mC4d7.jpg,0.023842057333538093,0.04460539784512855,0.6170317292004331,0.03313627205513574,0.00010012657996501529,0.026601946078953397,0.02217310851818121,0.09491383632773043,6.866503727475377e-08,0.1375954573958972
VtSWgrVi6a.jpg,2.620427830079728e-06,8.654773891239595e-06,6.965245820906762e-05,0.0003653436447565794,2.7382346789248415e-06,7.7441473996405e-08,4.921317492914237e-05,2.374893246312141e-05,0.012112430466836445,0.9873655204449313
urwe1QGUaU.jpg,5.301825530029936e-05,0.0005547921213522528,0.0027766780267247126,0.001791752105596498,0.00334423415360864,0.00010575647308314495,0.0003977972625942944,0.0016079023537579672,0.649262581631056,0.3401054876169262
wqZ0z8nyp8.jpg,0.7891137329155994,0.01648789698471954,0.00020594918309331468,0.04237936859022562,0.0358911667627691,0.003901780887988766,0.005329575350218734,0.004135924731390465,0.0816657407145072,0.020888863879487997
WbdxlDdKKi.jpg,0.016597731847693854,0.06421950312446156,7.646021692828104e-07,0.8219702234653595,8.316327347893852e-06,2.5560101696304812e-05,0.007915430589408069,3.059923881869576e-08,0.0892624256824164,1.3660208133146179e-08
W7R5IHJBzv.jpg,4.73528827028036e-06,0.03760311518792066,0.9616925277707119,6.788049122605159e-08,1.0697418822348828e-12,5.668742627058222e-06,4.623395715071641e-07,0.000683313916253463,6.738642186008095e-10,1.0108199220112663e-05
WHVCaf5xzJ.jpg,6.977629042847483e-08,1.1657398083189562e-13,1.079801992080084e-05,0.005078676561287055,3.937917972937718e-07,3.7033024642774073e-06,3.854833031624769e-15,3.0381799054859477e-12,9.004340976085157e-09,0.9949063495407404
ULMZXA12Bg.jpg,0.00011530120842607089,1.1325828902128958e-05,7.55800866925438e-08,0.0004831108857613934,2.6784607945505813e-06,1.363063242224863e-07,2.0821133293348063e-10,7.860893550325255e-07,0.00507183280781887,0.9943147526243197
UuzEzRrXGQ.jpg,0.00036052097339953017,0.0026525176099536883,6.201854251974267e-07,0.011671621764103605,1.712742111592908e-05,0.0006193163263543783,0.0016971093240294147,0.15422641137511228,0.828754754338973,6.815330193883526e-10
vPhWtS7VvQ.jpg,0.003470224281569134,0.0007372566191308999,0.0032566574142865994,0.002553524364057853,0.0013750321993802796,3.366098543326103e-05,0.06353085576081144,0.001787502707231321,0.00015927874582659357,0.9230960069222726
wLss2unq6I.jpg,0.0018894688643449281,0.005000370475828218,3.6874155217744405e-05,0.0015234898155084128,0.00019761029766442146,0.0001290371375309976,6.15121847253212e-07,9.558142803496483e-05,0.9861767799928783,0.004950172711144891
VeHih1vm7X.jpg,0.00013567230313946566,0.0013753300365836208,0.0010336797632015272,0.0004734196584651349,0.00038010254223572675,1.153129783989556e-06,2.6724318365824094e-05,0.0001818546823433659,0.4119388353514763,0.5844532282144052
USrkCV3FnF.jpg,0.9196146383711761,1.0905243760302626e-05,1.8762093473152427e-05,1.7749540756246302e-05,5.4110068287616266e-05,3.6805731178375685e-07,4.3847873027232036e-09,0.03484099028891779,2.0698879047596692e-14,0.04544247195150901
UPXzF7r8db.jpg,0.0019794359667976366,0.0016026232989483562,0.006726929163718675,0.004116117847506955,0.01086572249128806,0.001336927336216956,0.004903989548593631,0.022253233463211036,0.023258662263972118,0.9229563586197466
wdY1Mm5a4K.jpg,1.0,0.0,0.0,0.0,0.0,0.0,0.0,0.0,0.0,0.0
We6o2i375Y.jpg,0.04761943696924435,0.14295707288045253,0.0021604643380719155,0.046893428242772525,0.14625829645725252,0.007661763719140735,0.0582638926407558,0.041867287283215204,0.5048882767242702,0.001430080744824058
wlMGYZXNek.jpg,0.2700106996586423,0.12007517002278531,0.26875960538621935,0.061416126059554085,0.00015234388305729866,0.0004652609212127496,0.2214278673505608,0.03925418347174637,0.002404946591315669,0.01603379665490597
VwzH0OuWY7.jpg,0.016138166961722395,0.0069839914556217055,0.06998796339844232,0.06081671214444464,0.6462426080721552,0.04874676967418434,0.03112632134092415,0.026650018034925775,0.01434147618209798,0.07896597273548159
vgO7fuMRtJ.jpg,0.010386029314212073,1.7598745912994427e-09,0.9262623227026303,1.1000381226214541e-07,2.033655152825745e-11,6.108293276456067e-05,0.06326609129198157,1.4454272194269147e-07,5.154289119102623e-17,2.4217431666131017e-05
Vr06X3DGyh.jpg,8.095753441306272e-05,0.0011051019837783583,0.005487427760027529,0.002594951680526091,0.0022744303018384904,2.757545164738665e-05,3.9047464180261876e-05,0.00025397013826460263,0.002457363163222546,0.9856791745221017
WjIvouAPAG.jpg,7.366854251264734e-07,1.2368365042282556e-05,0.00012265453243919208,0.0004941877769627509,4.59346628506565e-06,7.823539837393966e-08,6.36869347928265e-07,3.2337673085052984e-07,0.020759804986665756,0.9786046157057026
VkqbnOHpl2.jpg,0.00015763557956084944,0.00038865071355653085,0.0010921647644970118,0.0017023736487326961,0.005747366139571487,0.0008280668701719815,0.0010311429844405019,0.004445044875624101,0.040433281717958174,0.9441742727058867
vPGLihnWzO.jpg,0.0037617063761583858,0.00014422470519001693,0.00030210583359248334,0.0006294373332750404,0.0006722054750552645,0.0012099871636897142,0.0007480790732403278,0.0006869943918925137,0.7716067348653828,0.22023852478252348
uymM8L70Dz.jpg,0.07107959054223731,0.0036950984223875732,0.004209698420528369,0.001971006147867841,0.004195111591274184,0.0003632813094719173,0.0015123348849692547,0.01017717017921723,0.7626049011502751,0.14019180735177114
W7wGTQ5ApA.jpg,0.008935637524843281,0.017847212564380145,0.0805748182218176,0.05458604502952918,0.04260608005642985,0.0022806545901498513,0.11453266092743693,0.0791848431153475,1.1635289139969293e-06,0.5994508844411516
V0lIZVTJb9.jpg,0.0005171923487572254,0.005539268983414623,0.0013531134028398838,0.003312645271822403,0.0009746690831734741,5.6421108920140154e-05,0.0002474969349653749,0.00011037305371132865,0.4564375204253914,0.5314512993870041
wjHe2fsvdy.jpg,0.0021438544449348712,0.004507453385097979,0.00011899104607117063,0.005101449446245713,0.0010975872446962673,0.001048664752011822,0.00268042254376952,0.0007319988732489861,0.6934227316264405,0.28914684663748313
wEEAPfVjXx.jpg,0.004127737094034474,0.000273318487991795,6.777249105259185e-05,0.0018090620278666217,0.0001705688796032513,7.677895254874382e-05,0.0007602018147305092,7.345752843524504e-05,0.04899958457569396,0.9436415181480428
WIz7gHi88D.jpg,0.022807753329014732,0.013453433937787734,0.006664835078124367,0.0024962409234901904,0.014977654993793551,0.0009927723885995916,0.0010579657490614738,0.009826092686041595,2.23098878318168e-07,0.9277230278152085
uQtazkx5Tf.jpg,0.0004360111990129206,0.00028026275255845884,3.3991522340795423e-07,3.5768238738251696e-05,4.4251278499371094e-05,2.4620763288129837e-06,1.4241260949930587e-09,1.0485348316011887e-06,0.9990842764738553,0.00011557810682574825
w1fx3yydxz.jpg,0.007474087819886589,0.0007292680932177483,1.8415580114721958e-07,0.004443351303587149,4.7618036266314846e-07,3.6425831944273937e-06,2.256510805079347e-05,7.636664584703965e-05,0.9872500343339475,2.3776104928602317e-08
vSPkjMqWry.jpg,0.001850070131862139,0.7086327823635672,2.8254595066147347e-06,0.05840980666049477,3.414477014853765e-06,0.0017121179942933599,9.077764261930939e-06,1.0809856203511854e-05,0.22866451221028375,0.0007045830825118905
UlBPjUZj8H.jpg,0.00029709525614651864,0.7442537911131453,0.023600394812086114,0.05333539838941936,0.0002916081155005453,1.8945989209876527e-05,5.4639814181560235e-05,0.010522665885593759,0.08331816393564667,0.08430729668907029
uO2YhDIuks.jpg,0.004136398117844779,0.012350580424273705,0.5409260913651923,0.2213679519343905,0.04620389524620693,0.019792790498006602,0.11373571983180451,0.01567220141060957,1.3563570529027732e-05,0.02580080760114205
UP5Z9JLsyn.jpg,0.9817729365186793,3.511232137569258e-27,1.2459555703435842e-10,1.780459171195286e-14,2.887421368305398e-16,5.13862523978309e-22,7.65236353645449e-22,1.8778689644477958e-21,2.4363985014656337e-23,0.018227063356706995
UwLULs8cji.jpg,0.0009884986011377541,0.01328841220245245,0.07098532368293488,0.02195683905193575,0.06935360057156649,0.00420081483757455,0.009248157688934291,0.04682669015995972,0.22773261710137113,0.5354190461021329
vrmXDBDUQ3.jpg,7.935049214636471e-11,5.5668680788517565e-11,0.9999999992086673,6.2227873056343396e-12,8.647455742064953e-14,4.2535938444993756e-13,3.57103595354157e-10,3.159785983715045e-12,5.594018090004156e-14,2.89259541877766e-10
VvAxcsEpZ3.jpg,0.0042846667940571,7.232028715172477e-05,0.010076267621864452,0.0007945094979417575,3.847491144837492e-05,0.898684260157225,0.08406523120423876,0.00029007300488258046,9.960205888379342e-12,0.0016941965112300058
w0FML4oYMU.jpg,1.7259232505579124e-08,1.4035164309278122e-07,1.2211138658775984e-06,2.720497195848819e-05,6.665876597250593e-08,1.775263609208595e-08,3.63489682143187e-07,2.389885746090805e-07,0.00016228721124768083,0.9998084422023935
VVjqdYY0cJ.jpg,0.002038862244717942,0.002029067297380633,1.5634261589105943e-06,0.003981407067164135,4.920240257415645e-06,7.431717834781728e-05,0.0012648858139335177,0.04989022118367495,0.9407147513536855,4.194679036538382e-09
viSuCmo5S9.jpg,0.08154070275503941,0.0004833278766989585,0.0009507156807266391,0.0009541714188262705,0.0017679161001284852,0.0035297729180356193,0.0017042948938357629,0.0025636263071573367,0.785949645426287,0.12055582662326457
wfSRwQYlvl.jpg,0.14614463078773082,0.015463126265913063,0.015172804860803846,0.18081297350795886,0.009271969186705597,0.002804281719209751,0.041430483400946884,0.06581359076244601,6.424915816896087e-10,0.5230861388657935
vw1WY02Qsw.jpg,0.00709668464219147,0.004689531428763131,0.010405368600429012,0.009966935243056243,0.019475226272621472,0.0007855155619603401,0.008194532466892019,0.017708073992679808,0.015682377047878546,0.905995754743528
WbfbbOpxwa.jpg,0.0042957315692908156,0.014926853938228795,0.0030921357877635516,0.0003087146354318944,0.0006480398867078193,4.8889696490857636e-05,0.0004646875931262797,0.0005396122865672641,0.9749506653086699,0.0007246692977227565
vlc9jtS4Rs.jpg,0.0019773394717092583,0.001090689001044212,0.0015344022490532368,0.0015583917675935659,0.0032228824199624444,0.00028095683542005216,0.0014625715406176559,0.010432965706250498,0.11075190419242424,0.867687896815925
